0	2.15	0.7	1.07	0.85	1.16	1.56
2.15	0	1.53	1.14	1.38	01.01	2.83
0.7	1.53	0	0.43	0.21	0.55	1.86
01.07	1.14	0.43	0	0.29	0.22	02.04
0.85	1.38	0.21	0.29	0	0.41	02.02
1.16	01.01	0.55	0.22	0.41	0	02.05
1.56	2.83	1.86	02.04	02.02	02.05	0